p sp 100 4946
a 1 3 119
a 1 4 941
a 1 7 871
a 1 8 213
a 1 9 672
a 1 11 943
a 1 14 102
a 1 15 994
a 1 17 183
a 1 20 944
a 1 21 312
a 1 22 200
a 1 25 612
a 1 26 337
a 1 30 130
a 1 31 431
a 1 32 491
a 1 34 171
a 1 39 241
a 1 40 770
a 1 43 311
a 1 44 551
a 1 51 551
a 1 52 232
a 1 53 159
a 1 55 815
a 1 56 759
a 1 58 105
a 1 59 657
a 1 61 630
a 1 62 934
a 1 63 72
a 1 68 829
a 1 70 347
a 1 71 504
a 1 72 231
a 1 77 372
a 1 78 726
a 1 80 155
a 1 81 782
a 1 83 382
a 1 84 643
a 1 85 990
a 1 87 862
a 1 88 200
a 1 94 661
a 1 100 556
a 2 1 273
a 2 7 17
a 2 8 680
a 2 9 259
a 2 12 606
a 2 13 113
a 2 16 189
a 2 17 932
a 2 19 643
a 2 20 511
a 2 21 197
a 2 22 94
a 2 30 424
a 2 31 679
a 2 32 538
a 2 33 588
a 2 36 428
a 2 38 144
a 2 39 227
a 2 41 422
a 2 42 801
a 2 43 898
a 2 44 870
a 2 48 266
a 2 52 181
a 2 53 217
a 2 61 122
a 2 62 684
a 2 63 108
a 2 64 744
a 2 70 929
a 2 71 834
a 2 72 43
a 2 73 384
a 2 74 608
a 2 75 189
a 2 79 941
a 2 80 76
a 2 81 834
a 2 82 843
a 2 85 617
a 2 88 142
a 2 91 391
a 2 95 856
a 2 96 101
a 2 97 963
a 2 99 189
a 3 1 308
a 3 2 226
a 3 6 170
a 3 7 724
a 3 10 939
a 3 11 719
a 3 12 656
a 3 14 617
a 3 15 826
a 3 16 229
a 3 19 316
a 3 20 414
a 3 24 44
a 3 25 324
a 3 28 690
a 3 31 597
a 3 33 574
a 3 34 121
a 3 36 405
a 3 37 173
a 3 38 786
a 3 39 159
a 3 42 341
a 3 46 350
a 3 47 664
a 3 49 508
a 3 50 820
a 3 52 384
a 3 53 641
a 3 55 467
a 3 56 235
a 3 57 250
a 3 59 806
a 3 60 23
a 3 61 331
a 3 63 215
a 3 66 552
a 3 72 746
a 3 73 552
a 3 74 338
a 3 75 338
a 3 76 738
a 3 78 452
a 3 79 446
a 3 80 583
a 3 91 440
a 3 94 710
a 3 95 518
a 3 98 83
a 3 100 837
a 4 2 558
a 4 6 780
a 4 7 112
a 4 9 174
a 4 10 528
a 4 17 505
a 4 21 71
a 4 23 259
a 4 25 186
a 4 26 156
a 4 28 192
a 4 29 848
a 4 30 530
a 4 32 249
a 4 34 989
a 4 37 637
a 4 40 511
a 4 41 307
a 4 42 990
a 4 43 502
a 4 44 296
a 4 46 618
a 4 49 140
a 4 50 207
a 4 53 170
a 4 56 596
a 4 57 105
a 4 60 297
a 4 61 256
a 4 62 574
a 4 63 805
a 4 66 822
a 4 69 681
a 4 72 935
a 4 78 546
a 4 82 754
a 4 83 610
a 4 88 286
a 4 90 3
a 4 92 263
a 4 93 327
a 4 94 248
a 4 97 137
a 4 98 62
a 4 100 139
a 5 1 365
a 5 2 158
a 5 3 318
a 5 6 390
a 5 7 370
a 5 8 832
a 5 9 174
a 5 10 31
a 5 12 785
a 5 13 408
a 5 15 111
a 5 19 332
a 5 20 103
a 5 21 298
a 5 23 819
a 5 26 845
a 5 27 997
a 5 28 239
a 5 29 99
a 5 32 446
a 5 33 253
a 5 35 193
a 5 38 435
a 5 39 649
a 5 42 990
a 5 43 701
a 5 49 643
a 5 50 750
a 5 51 223
a 5 53 59
a 5 55 316
a 5 58 790
a 5 59 790
a 5 61 267
a 5 63 198
a 5 65 689
a 5 66 687
a 5 69 658
a 5 70 771
a 5 71 461
a 5 73 143
a 5 75 367
a 5 76 983
a 5 77 291
a 5 81 141
a 5 82 892
a 5 83 106
a 5 84 345
a 5 87 70
a 5 89 392
a 5 91 982
a 5 94 204
a 5 96 668
a 5 97 295
a 5 100 418
a 6 4 597
a 6 7 281
a 6 11 244
a 6 13 149
a 6 14 519
a 6 15 484
a 6 22 370
a 6 23 226
a 6 25 429
a 6 26 832
a 6 27 595
a 6 31 74
a 6 33 905
a 6 34 498
a 6 38 976
a 6 40 577
a 6 42 741
a 6 43 708
a 6 48 89
a 6 51 193
a 6 54 841
a 6 56 448
a 6 60 10
a 6 62 979
a 6 65 272
a 6 71 495
a 6 72 347
a 6 75 428
a 6 76 350
a 6 77 240
a 6 78 51
a 6 81 56
a 6 82 13
a 6 85 317
a 6 89 558
a 6 90 716
a 6 91 853
a 6 92 117
a 6 93 661
a 6 94 122
a 6 95 683
a 6 97 125
a 6 98 930
a 6 99 913
a 6 100 331
a 7 1 323
a 7 2 705
a 7 4 568
a 7 5 515
a 7 6 976
a 7 9 726
a 7 11 255
a 7 13 720
a 7 14 940
a 7 15 350
a 7 16 721
a 7 20 71
a 7 22 942
a 7 25 696
a 7 27 913
a 7 28 299
a 7 29 933
a 7 31 517
a 7 32 41
a 7 34 367
a 7 35 139
a 7 36 80
a 7 42 567
a 7 44 588
a 7 46 30
a 7 48 967
a 7 50 202
a 7 51 474
a 7 52 898
a 7 53 370
a 7 55 461
a 7 56 887
a 7 57 464
a 7 58 761
a 7 59 251
a 7 62 566
a 7 63 644
a 7 66 201
a 7 71 793
a 7 74 902
a 7 77 428
a 7 79 987
a 7 83 144
a 7 89 284
a 7 91 627
a 7 92 628
a 7 93 814
a 7 94 240
a 7 96 431
a 7 97 296
a 7 98 793
a 8 1 956
a 8 4 805
a 8 5 860
a 8 6 500
a 8 12 352
a 8 13 669
a 8 15 55
a 8 17 358
a 8 18 280
a 8 19 980
a 8 27 285
a 8 28 696
a 8 29 441
a 8 31 943
a 8 33 882
a 8 38 190
a 8 42 427
a 8 45 825
a 8 46 647
a 8 50 368
a 8 52 656
a 8 54 507
a 8 56 332
a 8 57 709
a 8 58 78
a 8 61 844
a 8 62 626
a 8 63 330
a 8 64 771
a 8 66 178
a 8 69 461
a 8 70 479
a 8 74 572
a 8 75 19
a 8 76 558
a 8 78 998
a 8 79 322
a 8 81 418
a 8 83 741
a 8 86 109
a 8 88 881
a 8 93 867
a 8 95 332
a 8 97 115
a 8 98 617
a 8 99 130
a 9 3 636
a 9 5 275
a 9 6 770
a 9 8 218
a 9 10 500
a 9 11 681
a 9 14 479
a 9 15 323
a 9 16 704
a 9 17 247
a 9 22 866
a 9 24 403
a 9 25 694
a 9 26 915
a 9 27 570
a 9 28 567
a 9 29 552
a 9 31 629
a 9 32 329
a 9 33 352
a 9 35 550
a 9 37 68
a 9 38 884
a 9 39 552
a 9 41 908
a 9 42 242
a 9 43 205
a 9 44 712
a 9 46 917
a 9 47 853
a 9 48 309
a 9 49 92
a 9 51 827
a 9 53 109
a 9 54 308
a 9 56 671
a 9 60 290
a 9 62 384
a 9 64 973
a 9 67 463
a 9 71 352
a 9 72 843
a 9 76 79
a 9 77 619
a 9 84 133
a 9 85 582
a 9 86 946
a 9 87 859
a 9 89 787
a 9 91 58
a 9 93 479
a 9 99 979
a 9 100 319
a 10 1 624
a 10 2 542
a 10 3 826
a 10 4 966
a 10 5 400
a 10 7 426
a 10 8 767
a 10 11 598
a 10 12 464
a 10 13 752
a 10 14 933
a 10 15 648
a 10 19 166
a 10 20 37
a 10 21 861
a 10 27 190
a 10 29 444
a 10 32 171
a 10 34 984
a 10 36 707
a 10 37 70
a 10 39 580
a 10 42 699
a 10 43 588
a 10 44 288
a 10 46 410
a 10 47 793
a 10 50 897
a 10 51 68
a 10 59 867
a 10 60 917
a 10 62 946
a 10 66 481
a 10 67 892
a 10 69 990
a 10 70 978
a 10 72 80
a 10 73 731
a 10 74 745
a 10 76 419
a 10 78 651
a 10 79 601
a 10 82 700
a 10 83 134
a 10 88 845
a 10 89 630
a 10 91 671
a 10 94 485
a 10 95 62
a 10 96 469
a 10 98 866
a 10 99 252
a 11 1 643
a 11 3 458
a 11 4 140
a 11 10 130
a 11 15 808
a 11 17 978
a 11 18 628
a 11 21 122
a 11 22 644
a 11 24 653
a 11 26 835
a 11 27 670
a 11 30 117
a 11 32 419
a 11 33 910
a 11 43 512
a 11 45 646
a 11 46 482
a 11 48 12
a 11 51 996
a 11 54 919
a 11 55 218
a 11 59 750
a 11 60 323
a 11 61 46
a 11 62 752
a 11 63 4
a 11 71 350
a 11 72 860
a 11 74 87
a 11 76 681
a 11 79 564
a 11 82 999
a 11 84 733
a 11 85 249
a 11 86 331
a 11 87 575
a 11 88 36
a 11 89 934
a 11 91 910
a 11 94 390
a 11 95 782
a 11 96 302
a 11 98 463
a 11 100 554
a 12 3 873
a 12 4 503
a 12 5 794
a 12 8 364
a 12 9 462
a 12 10 692
a 12 11 401
a 12 13 912
a 12 14 435
a 12 16 692
a 12 17 296
a 12 19 926
a 12 20 543
a 12 22 431
a 12 24 419
a 12 25 470
a 12 26 326
a 12 27 609
a 12 29 57
a 12 32 254
a 12 34 316
a 12 35 460
a 12 37 871
a 12 39 624
a 12 40 588
a 12 45 647
a 12 47 86
a 12 48 822
a 12 50 454
a 12 52 75
a 12 53 186
a 12 54 604
a 12 55 700
a 12 57 122
a 12 58 880
a 12 61 486
a 12 63 625
a 12 64 938
a 12 70 488
a 12 73 98
a 12 75 465
a 12 80 301
a 12 83 297
a 12 84 10
a 12 87 74
a 12 89 786
a 12 90 354
a 12 93 104
a 12 95 85
a 12 96 32
a 12 98 6
a 13 1 452
a 13 2 999
a 13 3 815
a 13 6 989
a 13 9 416
a 13 14 8
a 13 15 649
a 13 18 917
a 13 20 479
a 13 21 493
a 13 22 178
a 13 26 885
a 13 28 402
a 13 30 17
a 13 34 105
a 13 35 425
a 13 36 661
a 13 38 412
a 13 42 12
a 13 43 633
a 13 44 816
a 13 45 181
a 13 48 187
a 13 53 355
a 13 54 381
a 13 56 79
a 13 58 433
a 13 60 947
a 13 61 406
a 13 63 328
a 13 64 22
a 13 66 628
a 13 68 337
a 13 72 290
a 13 73 684
a 13 74 194
a 13 76 108
a 13 78 611
a 13 79 91
a 13 80 212
a 13 81 927
a 13 82 854
a 13 85 139
a 13 86 854
a 13 91 728
a 13 93 102
a 13 94 180
a 13 97 431
a 13 98 770
a 13 100 695
a 14 3 925
a 14 4 665
a 14 5 672
a 14 6 686
a 14 7 719
a 14 9 804
a 14 10 535
a 14 12 496
a 14 13 291
a 14 16 659
a 14 18 977
a 14 19 365
a 14 24 174
a 14 25 143
a 14 26 823
a 14 27 173
a 14 28 867
a 14 29 379
a 14 31 849
a 14 35 184
a 14 36 738
a 14 40 449
a 14 41 456
a 14 44 226
a 14 45 280
a 14 46 54
a 14 47 367
a 14 49 557
a 14 50 288
a 14 52 760
a 14 53 282
a 14 54 810
a 14 55 882
a 14 56 606
a 14 57 460
a 14 58 570
a 14 60 576
a 14 61 26
a 14 63 331
a 14 65 863
a 14 67 207
a 14 68 509
a 14 71 882
a 14 72 112
a 14 74 458
a 14 77 378
a 14 78 191
a 14 79 520
a 14 81 994
a 14 82 404
a 14 83 427
a 14 85 984
a 14 86 878
a 14 88 719
a 14 91 504
a 14 92 857
a 14 94 838
a 14 95 162
a 14 96 116
a 14 99 482
a 15 8 256
a 15 10 472
a 15 11 448
a 15 12 371
a 15 13 1
a 15 16 281
a 15 18 544
a 15 19 267
a 15 20 202
a 15 23 517
a 15 24 872
a 15 25 950
a 15 26 663
a 15 28 970
a 15 29 463
a 15 32 634
a 15 34 847
a 15 35 776
a 15 37 986
a 15 39 581
a 15 40 690
a 15 42 452
a 15 46 807
a 15 49 556
a 15 51 262
a 15 52 443
a 15 53 907
a 15 54 805
a 15 56 582
a 15 59 248
a 15 60 845
a 15 62 176
a 15 63 620
a 15 65 789
a 15 69 695
a 15 71 432
a 15 74 576
a 15 78 364
a 15 80 887
a 15 81 370
a 15 83 653
a 15 85 380
a 15 86 388
a 15 87 388
a 15 88 556
a 15 89 703
a 15 90 758
a 15 92 864
a 15 94 238
a 15 95 550
a 15 96 307
a 15 97 252
a 15 98 707
a 15 99 801
a 15 100 498
a 16 1 772
a 16 2 250
a 16 4 390
a 16 6 745
a 16 12 907
a 16 14 335
a 16 18 616
a 16 19 204
a 16 23 276
a 16 26 502
a 16 30 283
a 16 33 260
a 16 34 681
a 16 36 161
a 16 38 111
a 16 40 784
a 16 44 399
a 16 45 604
a 16 48 798
a 16 52 571
a 16 53 830
a 16 54 882
a 16 57 941
a 16 59 46
a 16 67 645
a 16 69 512
a 16 70 359
a 16 73 504
a 16 74 696
a 16 75 512
a 16 76 534
a 16 81 42
a 16 82 826
a 16 83 277
a 16 84 503
a 16 86 347
a 16 89 271
a 16 90 959
a 16 91 619
a 16 92 367
a 16 93 52
a 16 94 980
a 16 96 898
a 16 98 502
a 16 99 164
a 17 3 427
a 17 4 486
a 17 5 844
a 17 6 992
a 17 8 569
a 17 10 658
a 17 11 139
a 17 16 108
a 17 18 906
a 17 19 208
a 17 21 566
a 17 22 427
a 17 24 272
a 17 25 980
a 17 26 929
a 17 27 197
a 17 28 186
a 17 29 966
a 17 30 871
a 17 32 773
a 17 33 751
a 17 35 353
a 17 36 866
a 17 37 787
a 17 38 936
a 17 39 977
a 17 40 253
a 17 41 0
a 17 44 675
a 17 45 429
a 17 46 443
a 17 47 164
a 17 50 318
a 17 51 582
a 17 52 571
a 17 57 512
a 17 58 181
a 17 61 445
a 17 62 288
a 17 64 898
a 17 65 638
a 17 66 585
a 17 67 567
a 17 68 892
a 17 70 10
a 17 71 876
a 17 72 51
a 17 73 983
a 17 74 218
a 17 75 682
a 17 79 68
a 17 83 675
a 17 84 986
a 17 85 481
a 17 86 37
a 17 87 696
a 17 89 191
a 17 90 822
a 17 91 805
a 17 92 689
a 17 93 632
a 17 95 223
a 17 96 807
a 17 100 24
a 18 6 999
a 18 11 352
a 18 14 412
a 18 19 290
a 18 20 363
a 18 21 259
a 18 24 704
a 18 25 120
a 18 28 38
a 18 30 982
a 18 31 489
a 18 33 793
a 18 40 769
a 18 41 103
a 18 42 7
a 18 45 425
a 18 49 684
a 18 50 525
a 18 51 434
a 18 53 572
a 18 54 40
a 18 55 830
a 18 57 895
a 18 58 489
a 18 61 998
a 18 62 473
a 18 64 744
a 18 65 368
a 18 66 522
a 18 67 622
a 18 68 641
a 18 70 298
a 18 72 143
a 18 73 867
a 18 75 577
a 18 76 446
a 18 81 333
a 18 82 912
a 18 85 703
a 18 87 642
a 18 92 451
a 18 93 647
a 18 94 149
a 18 96 566
a 18 97 900
a 18 99 461
a 18 100 220
a 19 1 519
a 19 4 607
a 19 5 640
a 19 6 651
a 19 7 834
a 19 8 422
a 19 14 837
a 19 15 153
a 19 17 846
a 19 20 607
a 19 21 489
a 19 22 700
a 19 25 386
a 19 28 670
a 19 29 770
a 19 30 813
a 19 35 582
a 19 38 735
a 19 40 500
a 19 41 788
a 19 42 283
a 19 43 591
a 19 44 639
a 19 48 814
a 19 50 728
a 19 52 242
a 19 55 337
a 19 56 533
a 19 59 814
a 19 63 389
a 19 66 674
a 19 67 325
a 19 68 130
a 19 69 398
a 19 71 734
a 19 72 317
a 19 74 306
a 19 76 904
a 19 77 102
a 19 78 13
a 19 79 721
a 19 80 204
a 19 81 297
a 19 84 508
a 19 87 207
a 19 88 835
a 19 89 1
a 19 90 382
a 19 91 841
a 19 92 457
a 19 93 360
a 19 94 699
a 19 96 538
a 19 99 89
a 19 100 984
a 20 2 726
a 20 5 779
a 20 6 304
a 20 7 790
a 20 9 129
a 20 12 246
a 20 13 826
a 20 19 591
a 20 23 518
a 20 24 456
a 20 31 180
a 20 33 401
a 20 36 197
a 20 37 991
a 20 38 154
a 20 41 337
a 20 42 171
a 20 44 362
a 20 46 402
a 20 50 196
a 20 51 482
a 20 53 291
a 20 54 963
a 20 56 828
a 20 57 850
a 20 63 352
a 20 69 697
a 20 71 392
a 20 72 271
a 20 73 291
a 20 75 824
a 20 77 747
a 20 82 135
a 20 84 192
a 20 85 991
a 20 86 512
a 20 89 561
a 20 91 526
a 20 95 287
a 20 97 336
a 20 98 247
a 20 99 517
a 20 100 19
a 21 3 727
a 21 4 916
a 21 6 54
a 21 8 271
a 21 10 769
a 21 12 870
a 21 17 239
a 21 19 947
a 21 22 580
a 21 24 331
a 21 29 279
a 21 32 259
a 21 34 122
a 21 35 621
a 21 36 474
a 21 39 270
a 21 40 226
a 21 41 595
a 21 44 605
a 21 45 515
a 21 46 535
a 21 48 640
a 21 49 555
a 21 50 356
a 21 51 617
a 21 53 238
a 21 55 388
a 21 56 909
a 21 63 972
a 21 67 3
a 21 68 674
a 21 71 866
a 21 72 165
a 21 73 710
a 21 75 458
a 21 76 257
a 21 78 352
a 21 80 670
a 21 81 57
a 21 86 673
a 21 87 617
a 21 88 889
a 21 89 817
a 21 91 898
a 21 94 109
a 21 96 262
a 21 98 728
a 21 100 974
a 22 2 367
a 22 7 634
a 22 10 720
a 22 14 778
a 22 17 143
a 22 21 423
a 22 23 828
a 22 24 999
a 22 25 557
a 22 26 959
a 22 30 102
a 22 32 115
a 22 33 958
a 22 37 202
a 22 38 139
a 22 43 311
a 22 46 125
a 22 47 106
a 22 49 395
a 22 50 99
a 22 53 981
a 22 54 793
a 22 55 354
a 22 56 162
a 22 57 294
a 22 59 975
a 22 60 787
a 22 62 276
a 22 64 939
a 22 67 586
a 22 70 766
a 22 72 187
a 22 73 941
a 22 79 864
a 22 81 269
a 22 86 227
a 22 88 316
a 22 89 344
a 22 91 77
a 22 92 330
a 22 94 599
a 22 97 946
a 22 99 328
a 22 100 152
a 23 2 920
a 23 4 575
a 23 5 608
a 23 8 568
a 23 11 376
a 23 12 198
a 23 13 68
a 23 15 526
a 23 18 319
a 23 24 96
a 23 25 419
a 23 29 967
a 23 32 402
a 23 34 285
a 23 36 196
a 23 40 151
a 23 42 707
a 23 43 163
a 23 44 386
a 23 45 727
a 23 46 19
a 23 48 926
a 23 52 65
a 23 53 27
a 23 54 941
a 23 55 123
a 23 56 508
a 23 57 620
a 23 61 695
a 23 63 706
a 23 65 635
a 23 67 500
a 23 68 444
a 23 73 705
a 23 74 337
a 23 76 187
a 23 78 625
a 23 79 985
a 23 80 729
a 23 83 412
a 23 88 343
a 23 89 190
a 23 93 310
a 23 97 390
a 23 99 393
a 23 100 658
a 24 4 381
a 24 5 249
a 24 7 476
a 24 9 909
a 24 12 803
a 24 14 594
a 24 15 242
a 24 17 928
a 24 19 777
a 24 20 387
a 24 21 348
a 24 25 589
a 24 27 650
a 24 28 344
a 24 29 650
a 24 33 368
a 24 34 495
a 24 37 88
a 24 38 372
a 24 39 674
a 24 41 421
a 24 42 107
a 24 44 407
a 24 47 300
a 24 48 17
a 24 50 576
a 24 52 582
a 24 54 495
a 24 55 208
a 24 57 798
a 24 58 94
a 24 59 284
a 24 63 743
a 24 64 789
a 24 65 772
a 24 67 465
a 24 70 363
a 24 71 374
a 24 72 302
a 24 73 893
a 24 74 110
a 24 75 667
a 24 76 432
a 24 78 515
a 24 81 19
a 24 84 922
a 24 86 140
a 24 88 732
a 24 89 883
a 24 92 290
a 24 94 417
a 24 95 400
a 24 97 465
a 24 98 570
a 24 100 667
a 25 2 216
a 25 3 810
a 25 4 772
a 25 5 898
a 25 9 782
a 25 10 716
a 25 11 696
a 25 12 755
a 25 13 941
a 25 14 800
a 25 20 619
a 25 21 16
a 25 23 508
a 25 24 681
a 25 26 660
a 25 28 748
a 25 29 693
a 25 30 700
a 25 34 583
a 25 37 617
a 25 38 485
a 25 39 617
a 25 44 492
a 25 47 584
a 25 49 156
a 25 51 180
a 25 55 421
a 25 56 881
a 25 57 795
a 25 61 745
a 25 62 232
a 25 63 457
a 25 64 213
a 25 66 292
a 25 68 929
a 25 71 577
a 25 73 300
a 25 77 662
a 25 81 138
a 25 82 273
a 25 84 430
a 25 85 937
a 25 86 847
a 25 87 206
a 25 88 435
a 25 90 741
a 25 92 496
a 25 94 471
a 25 98 838
a 26 3 712
a 26 4 922
a 26 5 760
a 26 8 730
a 26 9 221
a 26 11 288
a 26 13 768
a 26 15 999
a 26 16 327
a 26 20 201
a 26 22 407
a 26 23 855
a 26 24 213
a 26 25 850
a 26 29 968
a 26 31 617
a 26 32 132
a 26 41 736
a 26 42 934
a 26 43 458
a 26 44 483
a 26 45 155
a 26 46 966
a 26 54 450
a 26 56 30
a 26 57 920
a 26 58 727
a 26 62 352
a 26 63 573
a 26 64 71
a 26 65 157
a 26 68 674
a 26 70 561
a 26 71 890
a 26 72 918
a 26 73 41
a 26 74 508
a 26 83 875
a 26 86 694
a 26 88 270
a 26 90 237
a 26 92 876
a 26 95 45
a 26 96 631
a 26 97 454
a 26 99 61
a 26 100 648
a 27 2 224
a 27 3 26
a 27 4 541
a 27 5 399
a 27 6 852
a 27 8 61
a 27 10 659
a 27 11 183
a 27 12 779
a 27 13 730
a 27 14 896
a 27 15 256
a 27 16 844
a 27 19 100
a 27 21 246
a 27 23 180
a 27 24 920
a 27 28 285
a 27 29 441
a 27 31 707
a 27 34 563
a 27 38 514
a 27 39 912
a 27 41 274
a 27 44 780
a 27 46 176
a 27 50 536
a 27 51 163
a 27 53 11
a 27 57 333
a 27 58 6
a 27 59 202
a 27 61 417
a 27 62 167
a 27 64 319
a 27 66 234
a 27 69 668
a 27 70 993
a 27 71 616
a 27 72 124
a 27 73 952
a 27 74 935
a 27 75 606
a 27 76 471
a 27 77 438
a 27 78 148
a 27 79 979
a 27 82 590
a 27 84 24
a 27 86 672
a 27 89 299
a 27 90 888
a 27 91 588
a 27 94 517
a 28 2 490
a 28 4 89
a 28 9 512
a 28 10 12
a 28 13 700
a 28 18 64
a 28 19 657
a 28 20 835
a 28 21 544
a 28 22 349
a 28 24 847
a 28 25 730
a 28 27 559
a 28 29 724
a 28 30 604
a 28 33 441
a 28 36 377
a 28 38 960
a 28 39 617
a 28 40 97
a 28 42 301
a 28 43 749
a 28 45 568
a 28 47 428
a 28 48 370
a 28 49 86
a 28 50 662
a 28 52 135
a 28 55 719
a 28 62 709
a 28 70 494
a 28 71 966
a 28 72 415
a 28 73 881
a 28 74 698
a 28 80 772
a 28 82 469
a 28 84 270
a 28 85 681
a 28 86 482
a 28 88 683
a 28 89 671
a 28 91 663
a 28 92 673
a 28 93 838
a 28 94 849
a 28 95 410
a 28 97 216
a 29 1 278
a 29 4 627
a 29 6 102
a 29 7 377
a 29 8 136
a 29 9 143
a 29 12 295
a 29 13 140
a 29 15 145
a 29 16 800
a 29 17 183
a 29 18 139
a 29 19 276
a 29 21 739
a 29 27 29
a 29 30 978
a 29 31 603
a 29 32 335
a 29 34 223
a 29 36 38
a 29 38 1
a 29 40 270
a 29 41 927
a 29 42 926
a 29 43 328
a 29 48 315
a 29 49 481
a 29 50 205
a 29 51 614
a 29 52 9
a 29 53 113
a 29 56 572
a 29 57 175
a 29 58 987
a 29 60 508
a 29 62 662
a 29 63 155
a 29 64 804
a 29 65 342
a 29 67 21
a 29 68 863
a 29 70 861
a 29 73 13
a 29 74 336
a 29 80 48
a 29 81 867
a 29 82 328
a 29 84 704
a 29 86 236
a 29 88 425
a 29 90 878
a 29 93 524
a 29 94 192
a 29 96 777
a 29 100 626
a 30 1 718
a 30 5 128
a 30 7 551
a 30 9 582
a 30 10 524
a 30 12 614
a 30 14 599
a 30 15 702
a 30 16 909
a 30 18 877
a 30 20 560
a 30 23 527
a 30 25 642
a 30 26 890
a 30 28 863
a 30 29 178
a 30 34 628
a 30 37 72
a 30 39 393
a 30 41 845
a 30 45 748
a 30 46 497
a 30 47 325
a 30 48 54
a 30 49 533
a 30 55 574
a 30 56 676
a 30 57 165
a 30 58 647
a 30 59 582
a 30 63 634
a 30 64 271
a 30 66 883
a 30 69 636
a 30 70 867
a 30 71 468
a 30 74 758
a 30 83 433
a 30 89 43
a 30 91 686
a 30 93 810
a 30 96 968
a 30 98 904
a 31 1 815
a 31 5 160
a 31 13 730
a 31 15 873
a 31 18 511
a 31 20 919
a 31 22 56
a 31 24 959
a 31 32 868
a 31 37 968
a 31 42 885
a 31 44 823
a 31 48 483
a 31 51 968
a 31 52 998
a 31 59 148
a 31 62 213
a 31 63 258
a 31 64 440
a 31 66 993
a 31 67 347
a 31 70 859
a 31 71 770
a 31 74 760
a 31 75 327
a 31 76 126
a 31 77 180
a 31 79 776
a 31 82 322
a 31 85 159
a 31 86 530
a 31 87 582
a 31 92 983
a 31 94 662
a 31 95 499
a 31 96 953
a 31 97 119
a 31 99 686
a 32 2 10
a 32 4 762
a 32 6 440
a 32 8 83
a 32 9 126
a 32 10 626
a 32 11 56
a 32 12 945
a 32 13 856
a 32 14 518
a 32 16 544
a 32 18 78
a 32 23 77
a 32 27 231
a 32 30 381
a 32 35 95
a 32 36 168
a 32 37 725
a 32 39 372
a 32 42 167
a 32 43 161
a 32 45 836
a 32 46 976
a 32 47 717
a 32 49 39
a 32 52 274
a 32 53 363
a 32 54 891
a 32 55 100
a 32 56 679
a 32 57 454
a 32 58 896
a 32 59 392
a 32 60 96
a 32 61 729
a 32 63 679
a 32 64 364
a 32 65 986
a 32 66 640
a 32 67 978
a 32 68 71
a 32 69 966
a 32 71 460
a 32 73 377
a 32 74 448
a 32 76 612
a 32 81 837
a 32 82 185
a 32 84 637
a 32 87 906
a 32 88 366
a 32 89 334
a 32 90 290
a 32 93 199
a 32 96 142
a 32 97 955
a 32 98 547
a 33 1 751
a 33 7 841
a 33 9 631
a 33 10 16
a 33 13 727
a 33 14 184
a 33 15 766
a 33 19 620
a 33 21 948
a 33 23 38
a 33 29 641
a 33 31 310
a 33 32 116
a 33 34 153
a 33 38 32
a 33 39 984
a 33 40 285
a 33 45 377
a 33 49 803
a 33 52 676
a 33 54 686
a 33 57 306
a 33 63 788
a 33 65 598
a 33 67 663
a 33 70 766
a 33 71 253
a 33 72 704
a 33 74 107
a 33 81 723
a 33 83 649
a 33 84 13
a 33 85 997
a 33 86 712
a 33 87 405
a 33 90 632
a 33 92 676
a 33 94 389
a 33 99 567
a 34 1 846
a 34 5 150
a 34 8 978
a 34 9 899
a 34 10 74
a 34 12 600
a 34 13 683
a 34 16 495
a 34 23 379
a 34 25 632
a 34 26 205
a 34 27 939
a 34 28 524
a 34 32 820
a 34 33 734
a 34 35 479
a 34 36 765
a 34 38 164
a 34 41 173
a 34 43 610
a 34 44 118
a 34 45 822
a 34 46 359
a 34 49 893
a 34 51 649
a 34 53 274
a 34 55 986
a 34 57 334
a 34 58 295
a 34 59 920
a 34 60 964
a 34 61 104
a 34 62 32
a 34 66 555
a 34 67 77
a 34 68 324
a 34 69 132
a 34 74 790
a 34 76 894
a 34 78 794
a 34 79 538
a 34 81 103
a 34 82 690
a 34 84 356
a 34 85 418
a 34 86 18
a 34 87 119
a 34 93 195
a 34 95 566
a 34 97 206
a 34 99 578
a 35 4 451
a 35 6 652
a 35 7 964
a 35 8 201
a 35 9 654
a 35 10 606
a 35 11 691
a 35 12 60
a 35 13 711
a 35 15 132
a 35 16 601
a 35 17 387
a 35 19 967
a 35 21 694
a 35 22 958
a 35 23 722
a 35 24 564
a 35 27 849
a 35 28 841
a 35 30 494
a 35 31 416
a 35 33 71
a 35 34 394
a 35 39 164
a 35 40 145
a 35 42 4
a 35 43 478
a 35 44 343
a 35 45 690
a 35 49 611
a 35 51 133
a 35 52 765
a 35 54 845
a 35 55 436
a 35 57 945
a 35 63 333
a 35 67 974
a 35 68 999
a 35 70 846
a 35 71 868
a 35 72 576
a 35 73 770
a 35 74 191
a 35 76 26
a 35 77 122
a 35 78 577
a 35 79 862
a 35 80 326
a 35 83 332
a 35 84 618
a 35 85 68
a 35 88 892
a 35 98 549
a 35 99 426
a 36 3 217
a 36 4 340
a 36 10 376
a 36 11 387
a 36 12 771
a 36 15 677
a 36 16 535
a 36 18 361
a 36 19 832
a 36 21 349
a 36 22 912
a 36 23 863
a 36 24 142
a 36 27 196
a 36 28 922
a 36 30 236
a 36 32 410
a 36 34 877
a 36 35 512
a 36 37 676
a 36 38 689
a 36 39 542
a 36 41 455
a 36 43 469
a 36 44 704
a 36 57 26
a 36 58 967
a 36 59 406
a 36 62 164
a 36 70 747
a 36 74 588
a 36 75 895
a 36 76 550
a 36 78 810
a 36 80 158
a 36 81 827
a 36 86 348
a 36 88 232
a 36 89 522
a 36 90 562
a 36 91 122
a 36 93 537
a 36 94 867
a 36 98 297
a 36 99 764
a 36 100 729
a 37 2 637
a 37 9 737
a 37 10 205
a 37 11 734
a 37 17 949
a 37 18 252
a 37 19 237
a 37 20 66
a 37 21 492
a 37 23 17
a 37 26 537
a 37 28 263
a 37 31 27
a 37 38 384
a 37 39 697
a 37 40 287
a 37 41 577
a 37 43 135
a 37 44 798
a 37 45 268
a 37 46 720
a 37 48 422
a 37 58 182
a 37 59 50
a 37 61 622
a 37 63 383
a 37 64 865
a 37 71 484
a 37 72 36
a 37 73 857
a 37 74 510
a 37 76 941
a 37 77 538
a 37 78 228
a 37 82 58
a 37 87 719
a 37 89 522
a 37 90 935
a 37 91 248
a 37 93 310
a 37 94 134
a 38 1 338
a 38 2 134
a 38 3 582
a 38 4 144
a 38 5 519
a 38 6 665
a 38 7 721
a 38 8 457
a 38 10 304
a 38 11 655
a 38 12 745
a 38 13 548
a 38 14 991
a 38 16 289
a 38 17 396
a 38 20 495
a 38 21 962
a 38 22 81
a 38 23 671
a 38 24 228
a 38 25 373
a 38 27 430
a 38 29 589
a 38 32 1
a 38 37 803
a 38 39 930
a 38 40 11
a 38 43 258
a 38 45 881
a 38 47 762
a 38 48 470
a 38 49 494
a 38 50 929
a 38 54 614
a 38 55 216
a 38 59 675
a 38 62 804
a 38 65 522
a 38 66 101
a 38 68 24
a 38 71 524
a 38 72 652
a 38 73 21
a 38 77 817
a 38 78 26
a 38 80 626
a 38 81 518
a 38 84 99
a 38 88 848
a 38 90 996
a 38 91 249
a 38 96 290
a 38 97 135
a 38 100 778
a 39 1 146
a 39 4 10
a 39 5 180
a 39 7 556
a 39 11 157
a 39 13 228
a 39 14 926
a 39 19 202
a 39 20 36
a 39 21 614
a 39 23 861
a 39 24 801
a 39 26 689
a 39 30 341
a 39 32 795
a 39 35 554
a 39 36 771
a 39 40 430
a 39 42 234
a 39 46 134
a 39 47 148
a 39 48 844
a 39 49 771
a 39 51 815
a 39 56 591
a 39 57 500
a 39 58 524
a 39 60 352
a 39 61 283
a 39 62 629
a 39 63 726
a 39 66 807
a 39 70 971
a 39 72 425
a 39 75 87
a 39 77 200
a 39 78 160
a 39 79 309
a 39 81 196
a 39 82 53
a 39 83 127
a 39 86 222
a 39 87 998
a 39 90 187
a 39 92 643
a 39 93 5
a 39 97 551
a 39 99 173
a 39 100 462
a 40 3 783
a 40 4 745
a 40 5 638
a 40 11 814
a 40 12 221
a 40 13 581
a 40 17 296
a 40 18 225
a 40 19 192
a 40 20 305
a 40 21 548
a 40 23 246
a 40 24 91
a 40 25 419
a 40 26 835
a 40 27 660
a 40 28 585
a 40 29 618
a 40 30 94
a 40 33 552
a 40 38 535
a 40 39 245
a 40 41 482
a 40 42 178
a 40 43 291
a 40 47 393
a 40 49 965
a 40 50 124
a 40 53 225
a 40 54 840
a 40 55 177
a 40 56 218
a 40 57 672
a 40 66 144
a 40 68 457
a 40 71 988
a 40 72 366
a 40 73 924
a 40 75 836
a 40 85 868
a 40 88 757
a 40 89 225
a 40 91 440
a 40 94 162
a 40 95 590
a 40 97 446
a 40 99 890
a 40 100 813
a 41 2 341
a 41 5 632
a 41 6 171
a 41 8 815
a 41 11 284
a 41 12 808
a 41 14 835
a 41 17 217
a 41 18 144
a 41 23 20
a 41 25 844
a 41 26 269
a 41 28 768
a 41 33 837
a 41 34 858
a 41 36 344
a 41 37 580
a 41 40 41
a 41 44 552
a 41 45 603
a 41 46 650
a 41 47 690
a 41 48 673
a 41 49 553
a 41 51 275
a 41 54 960
a 41 56 400
a 41 59 488
a 41 60 989
a 41 61 749
a 41 63 166
a 41 64 288
a 41 66 169
a 41 67 399
a 41 69 855
a 41 70 762
a 41 72 281
a 41 74 35
a 41 78 947
a 41 81 721
a 41 82 67
a 41 83 24
a 41 84 585
a 41 85 410
a 41 86 155
a 41 87 902
a 41 88 630
a 41 89 68
a 41 90 365
a 41 91 204
a 41 92 732
a 41 96 870
a 41 100 663
a 42 2 741
a 42 3 504
a 42 7 725
a 42 9 882
a 42 10 920
a 42 12 642
a 42 13 534
a 42 14 750
a 42 19 249
a 42 21 364
a 42 22 622
a 42 24 519
a 42 25 390
a 42 27 269
a 42 30 470
a 42 32 947
a 42 33 188
a 42 34 189
a 42 35 518
a 42 36 719
a 42 37 786
a 42 38 957
a 42 41 23
a 42 44 928
a 42 45 827
a 42 46 122
a 42 47 406
a 42 48 708
a 42 50 112
a 42 51 430
a 42 58 499
a 42 59 993
a 42 60 338
a 42 61 674
a 42 62 208
a 42 63 390
a 42 64 669
a 42 66 734
a 42 69 757
a 42 70 945
a 42 74 62
a 42 75 461
a 42 78 159
a 42 82 447
a 42 88 254
a 42 91 465
a 42 96 729
a 42 97 501
a 42 98 750
a 42 100 729
a 43 4 906
a 43 7 53
a 43 8 508
a 43 9 526
a 43 10 945
a 43 11 845
a 43 16 423
a 43 17 14
a 43 19 254
a 43 20 696
a 43 21 533
a 43 22 420
a 43 23 801
a 43 26 451
a 43 29 510
a 43 30 683
a 43 32 956
a 43 33 891
a 43 38 235
a 43 41 767
a 43 45 345
a 43 46 814
a 43 48 266
a 43 49 531
a 43 50 681
a 43 52 921
a 43 53 213
a 43 54 855
a 43 57 711
a 43 60 699
a 43 63 816
a 43 70 516
a 43 71 330
a 43 74 340
a 43 75 978
a 43 76 14
a 43 78 356
a 43 79 695
a 43 81 844
a 43 82 404
a 43 85 866
a 43 88 221
a 43 94 499
a 43 98 325
a 43 99 824
a 44 1 307
a 44 6 128
a 44 7 383
a 44 8 158
a 44 9 252
a 44 11 180
a 44 12 911
a 44 13 448
a 44 17 896
a 44 20 630
a 44 22 816
a 44 24 90
a 44 25 166
a 44 30 838
a 44 33 825
a 44 36 919
a 44 37 814
a 44 38 447
a 44 41 949
a 44 42 838
a 44 43 838
a 44 45 960
a 44 47 293
a 44 49 166
a 44 51 589
a 44 52 867
a 44 53 470
a 44 54 490
a 44 56 87
a 44 57 906
a 44 58 557
a 44 59 868
a 44 60 947
a 44 61 638
a 44 70 8
a 44 71 233
a 44 75 614
a 44 76 785
a 44 77 7
a 44 84 556
a 44 87 595
a 44 88 933
a 44 89 305
a 44 92 797
a 44 94 435
a 44 96 911
a 44 98 280
a 44 99 842
a 45 2 316
a 45 4 116
a 45 5 232
a 45 13 487
a 45 15 927
a 45 16 242
a 45 17 957
a 45 18 648
a 45 20 29
a 45 23 912
a 45 26 973
a 45 34 503
a 45 35 345
a 45 36 268
a 45 39 451
a 45 40 566
a 45 41 286
a 45 43 614
a 45 44 466
a 45 49 52
a 45 50 471
a 45 52 8
a 45 54 787
a 45 55 809
a 45 56 986
a 45 57 31
a 45 60 324
a 45 61 715
a 45 63 815
a 45 66 776
a 45 67 920
a 45 69 104
a 45 70 485
a 45 71 924
a 45 72 117
a 45 75 597
a 45 77 580
a 45 80 197
a 45 83 501
a 45 85 640
a 45 90 376
a 45 91 441
a 45 93 617
a 45 94 869
a 45 96 154
a 45 98 690
a 45 100 394
a 46 2 581
a 46 4 902
a 46 6 619
a 46 8 566
a 46 9 90
a 46 13 397
a 46 17 932
a 46 22 812
a 46 24 554
a 46 25 837
a 46 26 916
a 46 28 49
a 46 32 54
a 46 33 585
a 46 37 693
a 46 38 746
a 46 40 252
a 46 41 971
a 46 42 62
a 46 43 432
a 46 47 536
a 46 49 982
a 46 50 761
a 46 53 194
a 46 54 608
a 46 56 440
a 46 57 72
a 46 61 942
a 46 64 846
a 46 65 911
a 46 69 467
a 46 71 239
a 46 76 398
a 46 78 712
a 46 79 934
a 46 82 947
a 46 83 321
a 46 86 836
a 46 90 84
a 46 91 398
a 46 92 138
a 46 93 819
a 46 96 27
a 46 100 354
a 47 1 370
a 47 2 72
a 47 4 377
a 47 5 409
a 47 6 452
a 47 9 668
a 47 13 373
a 47 14 945
a 47 15 126
a 47 17 921
a 47 21 642
a 47 23 817
a 47 24 940
a 47 25 773
a 47 26 547
a 47 27 346
a 47 33 138
a 47 34 228
a 47 39 806
a 47 40 352
a 47 43 180
a 47 50 367
a 47 51 887
a 47 54 320
a 47 55 473
a 47 56 901
a 47 57 485
a 47 58 378
a 47 60 726
a 47 61 6
a 47 62 935
a 47 63 88
a 47 65 186
a 47 69 804
a 47 70 56
a 47 72 293
a 47 73 444
a 47 74 149
a 47 75 735
a 47 76 192
a 47 77 640
a 47 79 840
a 47 81 825
a 47 82 201
a 47 83 737
a 47 87 286
a 47 88 816
a 47 89 341
a 47 90 558
a 47 91 411
a 47 92 427
a 47 95 224
a 47 96 766
a 47 97 364
a 47 98 677
a 47 99 345
a 47 100 169
a 48 2 900
a 48 3 110
a 48 4 245
a 48 5 748
a 48 6 725
a 48 7 874
a 48 9 508
a 48 10 831
a 48 12 873
a 48 16 229
a 48 17 31
a 48 18 171
a 48 19 300
a 48 20 917
a 48 21 90
a 48 28 174
a 48 38 713
a 48 43 551
a 48 44 227
a 48 46 381
a 48 49 464
a 48 52 223
a 48 53 228
a 48 56 402
a 48 57 978
a 48 58 509
a 48 59 737
a 48 60 847
a 48 61 989
a 48 63 499
a 48 66 435
a 48 69 13
a 48 72 910
a 48 74 810
a 48 79 509
a 48 82 53
a 48 83 111
a 48 84 135
a 48 85 689
a 48 86 847
a 48 91 755
a 48 92 280
a 48 93 815
a 48 95 543
a 48 98 702
a 49 5 628
a 49 7 352
a 49 9 351
a 49 10 167
a 49 15 98
a 49 16 425
a 49 20 429
a 49 21 891
a 49 22 392
a 49 23 29
a 49 25 60
a 49 32 553
a 49 33 678
a 49 34 986
a 49 38 374
a 49 42 505
a 49 45 267
a 49 46 385
a 49 50 9
a 49 51 98
a 49 52 375
a 49 53 933
a 49 54 481
a 49 58 318
a 49 61 398
a 49 62 506
a 49 68 33
a 49 69 565
a 49 70 627
a 49 71 731
a 49 72 48
a 49 73 769
a 49 74 70
a 49 76 92
a 49 80 24
a 49 84 973
a 49 85 140
a 49 86 617
a 49 87 219
a 49 88 842
a 50 2 753
a 50 3 356
a 50 4 678
a 50 6 329
a 50 8 72
a 50 9 942
a 50 11 558
a 50 13 987
a 50 15 450
a 50 16 284
a 50 17 629
a 50 19 166
a 50 20 282
a 50 21 128
a 50 22 68
a 50 25 431
a 50 27 816
a 50 28 64
a 50 30 492
a 50 31 178
a 50 32 645
a 50 33 102
a 50 37 602
a 50 38 986
a 50 39 421
a 50 40 712
a 50 42 917
a 50 43 732
a 50 44 875
a 50 45 994
a 50 47 807
a 50 51 610
a 50 52 932
a 50 53 795
a 50 54 87
a 50 56 978
a 50 57 427
a 50 59 261
a 50 60 938
a 50 61 367
a 50 62 607
a 50 64 909
a 50 65 704
a 50 66 395
a 50 71 862
a 50 73 30
a 50 74 631
a 50 75 184
a 50 77 493
a 50 81 13
a 50 82 585
a 50 84 388
a 50 85 114
a 50 88 270
a 50 91 390
a 50 92 119
a 50 94 835
a 50 95 758
a 50 96 474
a 50 97 175
a 50 99 792
a 50 100 670
a 51 1 616
a 51 2 832
a 51 16 178
a 51 17 880
a 51 18 6
a 51 20 772
a 51 24 521
a 51 25 996
a 51 26 940
a 51 29 684
a 51 32 997
a 51 33 457
a 51 34 809
a 51 35 297
a 51 38 591
a 51 40 101
a 51 41 722
a 51 45 966
a 51 48 669
a 51 49 523
a 51 55 942
a 51 56 662
a 51 59 606
a 51 65 285
a 51 66 812
a 51 68 237
a 51 69 6
a 51 70 317
a 51 71 430
a 51 72 947
a 51 75 100
a 51 77 127
a 51 78 663
a 51 79 866
a 51 80 396
a 51 81 689
a 51 83 678
a 51 86 348
a 51 89 94
a 51 93 823
a 51 96 17
a 51 97 719
a 51 99 683
a 51 100 328
a 52 2 685
a 52 7 415
a 52 8 527
a 52 9 452
a 52 13 409
a 52 15 673
a 52 16 478
a 52 18 734
a 52 20 326
a 52 22 282
a 52 23 889
a 52 24 434
a 52 35 995
a 52 37 478
a 52 39 280
a 52 43 550
a 52 44 422
a 52 47 841
a 52 49 98
a 52 50 606
a 52 53 772
a 52 54 790
a 52 55 192
a 52 57 545
a 52 58 463
a 52 59 753
a 52 60 307
a 52 61 673
a 52 63 738
a 52 64 58
a 52 67 474
a 52 72 36
a 52 73 619
a 52 74 389
a 52 75 651
a 52 79 370
a 52 80 741
a 52 81 180
a 52 82 455
a 52 84 433
a 52 86 205
a 52 89 528
a 52 90 419
a 52 91 80
a 52 93 91
a 52 96 193
a 53 3 75
a 53 4 212
a 53 5 162
a 53 7 922
a 53 8 317
a 53 10 972
a 53 11 421
a 53 13 56
a 53 14 943
a 53 15 697
a 53 17 390
a 53 19 573
a 53 22 744
a 53 23 644
a 53 26 954
a 53 28 991
a 53 29 638
a 53 30 772
a 53 31 217
a 53 34 191
a 53 37 319
a 53 39 366
a 53 41 109
a 53 42 19
a 53 45 654
a 53 49 737
a 53 51 810
a 53 52 580
a 53 54 642
a 53 55 202
a 53 56 320
a 53 58 240
a 53 59 749
a 53 63 144
a 53 67 785
a 53 68 287
a 53 71 718
a 53 74 381
a 53 78 286
a 53 81 970
a 53 84 271
a 53 85 51
a 53 86 617
a 53 88 829
a 53 89 295
a 53 91 116
a 53 97 441
a 53 99 542
a 54 1 342
a 54 2 162
a 54 3 621
a 54 4 425
a 54 5 12
a 54 9 334
a 54 13 68
a 54 14 583
a 54 16 155
a 54 18 287
a 54 20 154
a 54 22 504
a 54 25 333
a 54 26 203
a 54 28 33
a 54 29 492
a 54 30 365
a 54 32 750
a 54 33 955
a 54 34 44
a 54 38 913
a 54 39 496
a 54 40 154
a 54 41 625
a 54 42 499
a 54 44 112
a 54 47 61
a 54 48 754
a 54 50 307
a 54 51 586
a 54 53 387
a 54 55 550
a 54 58 211
a 54 63 679
a 54 65 356
a 54 67 707
a 54 69 944
a 54 70 813
a 54 72 346
a 54 73 71
a 54 74 569
a 54 76 544
a 54 78 593
a 54 79 211
a 54 80 359
a 54 83 198
a 54 85 591
a 54 87 978
a 54 89 231
a 54 90 552
a 54 91 14
a 54 92 887
a 54 93 694
a 54 96 544
a 54 97 517
a 55 3 945
a 55 7 289
a 55 8 832
a 55 10 64
a 55 12 278
a 55 13 877
a 55 14 6
a 55 17 389
a 55 19 679
a 55 20 901
a 55 23 810
a 55 24 432
a 55 27 164
a 55 28 772
a 55 32 408
a 55 33 4
a 55 34 814
a 55 36 692
a 55 37 93
a 55 38 364
a 55 39 552
a 55 40 872
a 55 42 152
a 55 43 280
a 55 45 735
a 55 46 558
a 55 48 511
a 55 49 700
a 55 50 244
a 55 51 485
a 55 53 297
a 55 58 15
a 55 59 143
a 55 61 652
a 55 68 838
a 55 70 516
a 55 71 627
a 55 73 312
a 55 75 37
a 55 76 692
a 55 77 255
a 55 81 70
a 55 82 410
a 55 83 964
a 55 84 605
a 55 87 437
a 55 90 501
a 55 91 126
a 55 93 912
a 55 94 837
a 55 96 88
a 55 97 928
a 55 98 95
a 55 99 994
a 56 1 79
a 56 2 492
a 56 7 617
a 56 8 230
a 56 10 915
a 56 12 210
a 56 16 137
a 56 17 817
a 56 21 78
a 56 22 945
a 56 23 722
a 56 24 449
a 56 25 976
a 56 26 65
a 56 27 120
a 56 30 479
a 56 33 469
a 56 34 472
a 56 35 146
a 56 36 107
a 56 39 529
a 56 41 374
a 56 42 703
a 56 44 725
a 56 45 566
a 56 46 125
a 56 52 128
a 56 53 336
a 56 55 187
a 56 57 594
a 56 59 938
a 56 61 86
a 56 62 212
a 56 64 390
a 56 65 337
a 56 66 878
a 56 68 803
a 56 69 506
a 56 71 773
a 56 72 696
a 56 73 760
a 56 75 779
a 56 78 771
a 56 79 0
a 56 80 820
a 56 81 646
a 56 82 702
a 56 84 792
a 56 85 683
a 56 86 361
a 56 87 177
a 56 91 968
a 56 95 340
a 56 100 127
a 57 2 297
a 57 3 148
a 57 4 102
a 57 11 930
a 57 15 150
a 57 19 686
a 57 22 923
a 57 24 201
a 57 26 519
a 57 27 665
a 57 28 511
a 57 29 317
a 57 30 339
a 57 32 552
a 57 33 869
a 57 34 803
a 57 35 650
a 57 37 905
a 57 39 922
a 57 42 149
a 57 45 868
a 57 46 378
a 57 47 236
a 57 49 924
a 57 58 246
a 57 59 925
a 57 61 744
a 57 62 154
a 57 64 296
a 57 65 816
a 57 72 281
a 57 73 718
a 57 76 460
a 57 77 94
a 57 78 823
a 57 80 117
a 57 81 754
a 57 83 382
a 57 84 694
a 57 87 646
a 57 89 102
a 57 90 973
a 57 91 292
a 57 92 442
a 57 96 513
a 57 97 941
a 57 98 224
a 57 99 232
a 57 100 428
a 58 2 928
a 58 4 681
a 58 6 494
a 58 7 428
a 58 9 657
a 58 11 602
a 58 12 188
a 58 15 607
a 58 19 670
a 58 20 823
a 58 21 920
a 58 22 792
a 58 24 237
a 58 26 237
a 58 33 700
a 58 35 506
a 58 36 741
a 58 39 418
a 58 41 661
a 58 43 680
a 58 46 674
a 58 47 170
a 58 53 432
a 58 55 220
a 58 63 563
a 58 67 425
a 58 69 438
a 58 75 649
a 58 76 83
a 58 80 424
a 58 82 788
a 58 86 374
a 58 87 219
a 58 89 754
a 58 90 311
a 58 94 31
a 58 97 510
a 58 98 986
a 59 1 470
a 59 2 97
a 59 3 901
a 59 4 238
a 59 7 652
a 59 14 314
a 59 16 785
a 59 20 662
a 59 21 952
a 59 23 140
a 59 25 851
a 59 26 145
a 59 29 840
a 59 33 879
a 59 34 673
a 59 38 720
a 59 40 876
a 59 41 722
a 59 42 92
a 59 44 185
a 59 45 592
a 59 46 27
a 59 47 598
a 59 53 193
a 59 56 226
a 59 57 265
a 59 58 708
a 59 61 813
a 59 64 714
a 59 66 761
a 59 67 134
a 59 69 421
a 59 70 785
a 59 72 451
a 59 74 135
a 59 78 888
a 59 83 533
a 59 86 431
a 59 90 596
a 59 91 495
a 59 93 643
a 59 95 67
a 59 97 606
a 59 99 996
a 60 1 913
a 60 2 580
a 60 4 549
a 60 5 2
a 60 6 630
a 60 7 104
a 60 8 169
a 60 9 174
a 60 12 549
a 60 14 287
a 60 15 957
a 60 17 159
a 60 18 377
a 60 19 562
a 60 21 277
a 60 22 865
a 60 24 507
a 60 26 406
a 60 28 455
a 60 30 187
a 60 31 122
a 60 32 999
a 60 33 304
a 60 39 654
a 60 42 425
a 60 43 693
a 60 44 395
a 60 46 483
a 60 47 217
a 60 49 23
a 60 50 951
a 60 53 132
a 60 55 804
a 60 56 892
a 60 58 730
a 60 63 743
a 60 65 606
a 60 69 685
a 60 70 654
a 60 72 123
a 60 73 567
a 60 81 451
a 60 84 940
a 60 85 200
a 60 86 872
a 60 88 22
a 60 89 778
a 60 93 409
a 60 96 634
a 60 97 533
a 60 100 345
a 61 1 407
a 61 3 967
a 61 4 192
a 61 5 253
a 61 6 105
a 61 7 381
a 61 10 179
a 61 11 550
a 61 12 206
a 61 16 197
a 61 18 878
a 61 21 277
a 61 23 724
a 61 29 396
a 61 30 388
a 61 36 429
a 61 37 123
a 61 43 715
a 61 45 406
a 61 50 456
a 61 52 80
a 61 54 510
a 61 57 122
a 61 60 619
a 61 63 495
a 61 65 200
a 61 68 525
a 61 69 991
a 61 70 221
a 61 72 235
a 61 73 270
a 61 76 737
a 61 77 378
a 61 78 164
a 61 79 214
a 61 80 961
a 61 82 837
a 61 86 767
a 61 87 427
a 61 88 848
a 61 93 128
a 61 94 691
a 61 97 923
a 62 2 566
a 62 4 68
a 62 8 948
a 62 13 876
a 62 15 955
a 62 16 386
a 62 19 847
a 62 21 691
a 62 26 187
a 62 27 49
a 62 28 483
a 62 29 425
a 62 30 115
a 62 32 517
a 62 33 810
a 62 37 50
a 62 40 472
a 62 43 579
a 62 45 75
a 62 47 991
a 62 48 196
a 62 52 666
a 62 54 355
a 62 57 749
a 62 58 424
a 62 59 420
a 62 60 249
a 62 61 201
a 62 63 911
a 62 64 409
a 62 65 247
a 62 67 543
a 62 68 460
a 62 72 752
a 62 75 147
a 62 76 693
a 62 77 146
a 62 81 627
a 62 84 108
a 62 85 794
a 62 86 358
a 62 89 967
a 62 91 756
a 62 92 901
a 62 96 98
a 62 97 820
a 62 98 870
a 62 99 963
a 63 3 982
a 63 5 831
a 63 8 679
a 63 9 970
a 63 13 594
a 63 15 508
a 63 19 8
a 63 23 432
a 63 26 258
a 63 27 215
a 63 29 321
a 63 31 390
a 63 32 801
a 63 33 34
a 63 34 942
a 63 38 160
a 63 40 26
a 63 44 114
a 63 45 819
a 63 47 958
a 63 50 480
a 63 53 471
a 63 58 732
a 63 59 937
a 63 60 115
a 63 67 317
a 63 68 670
a 63 70 483
a 63 71 558
a 63 72 501
a 63 73 511
a 63 75 807
a 63 77 260
a 63 79 441
a 63 83 428
a 63 84 797
a 63 86 201
a 63 90 434
a 63 93 751
a 63 98 669
a 64 3 804
a 64 4 623
a 64 5 876
a 64 6 835
a 64 8 169
a 64 11 722
a 64 13 346
a 64 14 888
a 64 16 971
a 64 19 191
a 64 21 639
a 64 24 959
a 64 25 155
a 64 26 759
a 64 29 826
a 64 31 738
a 64 32 147
a 64 33 842
a 64 36 62
a 64 43 145
a 64 45 446
a 64 48 681
a 64 49 900
a 64 50 117
a 64 55 333
a 64 56 327
a 64 63 885
a 64 65 770
a 64 67 761
a 64 68 277
a 64 70 641
a 64 72 492
a 64 74 7
a 64 76 737
a 64 77 439
a 64 78 960
a 64 84 135
a 64 85 170
a 64 86 368
a 64 88 886
a 64 89 338
a 64 92 947
a 64 95 131
a 64 96 112
a 64 97 578
a 64 98 947
a 64 99 500
a 64 100 181
a 65 3 175
a 65 4 235
a 65 6 509
a 65 9 568
a 65 10 83
a 65 11 588
a 65 12 229
a 65 13 118
a 65 15 236
a 65 16 505
a 65 20 457
a 65 21 614
a 65 27 249
a 65 30 984
a 65 34 652
a 65 37 48
a 65 38 459
a 65 41 810
a 65 44 312
a 65 46 909
a 65 48 213
a 65 50 273
a 65 51 999
a 65 52 285
a 65 56 58
a 65 57 869
a 65 58 33
a 65 60 408
a 65 61 428
a 65 64 19
a 65 66 844
a 65 67 384
a 65 69 295
a 65 70 824
a 65 72 218
a 65 73 639
a 65 76 989
a 65 78 353
a 65 79 420
a 65 81 967
a 65 82 762
a 65 83 128
a 65 84 444
a 65 86 103
a 65 87 158
a 65 88 461
a 65 89 646
a 65 90 20
a 65 91 45
a 65 96 898
a 66 1 987
a 66 2 147
a 66 3 718
a 66 5 681
a 66 7 963
a 66 11 218
a 66 12 694
a 66 15 994
a 66 16 708
a 66 17 166
a 66 18 690
a 66 19 752
a 66 20 121
a 66 21 186
a 66 23 653
a 66 25 77
a 66 27 675
a 66 28 223
a 66 29 897
a 66 31 384
a 66 32 74
a 66 33 659
a 66 35 840
a 66 38 906
a 66 40 327
a 66 42 870
a 66 43 115
a 66 44 937
a 66 46 750
a 66 47 157
a 66 48 803
a 66 49 765
a 66 51 132
a 66 52 683
a 66 56 557
a 66 57 427
a 66 58 46
a 66 60 444
a 66 61 415
a 66 62 508
a 66 65 524
a 66 67 466
a 66 69 151
a 66 70 566
a 66 73 944
a 66 74 906
a 66 75 962
a 66 76 932
a 66 85 397
a 66 86 607
a 66 88 350
a 66 90 120
a 66 91 924
a 66 92 73
a 66 94 734
a 66 96 598
a 66 97 225
a 66 99 28
a 66 100 378
a 67 1 609
a 67 8 597
a 67 10 479
a 67 15 807
a 67 16 538
a 67 18 900
a 67 20 290
a 67 21 757
a 67 22 363
a 67 23 51
a 67 24 282
a 67 25 784
a 67 26 95
a 67 28 1
a 67 29 236
a 67 30 670
a 67 31 824
a 67 34 849
a 67 36 252
a 67 38 318
a 67 39 475
a 67 44 262
a 67 49 275
a 67 52 136
a 67 56 467
a 67 57 346
a 67 62 956
a 67 63 744
a 67 65 159
a 67 71 244
a 67 72 502
a 67 73 21
a 67 75 689
a 67 78 883
a 67 79 312
a 67 80 230
a 67 81 896
a 67 82 900
a 67 83 837
a 67 90 387
a 67 91 906
a 67 92 434
a 67 94 643
a 67 95 766
a 67 96 933
a 67 97 523
a 67 98 482
a 67 99 844
a 68 1 103
a 68 2 898
a 68 5 932
a 68 6 34
a 68 9 650
a 68 10 228
a 68 13 679
a 68 14 160
a 68 15 563
a 68 16 561
a 68 18 419
a 68 19 386
a 68 20 956
a 68 22 535
a 68 23 728
a 68 26 883
a 68 28 882
a 68 30 864
a 68 31 155
a 68 32 15
a 68 35 61
a 68 38 988
a 68 39 313
a 68 43 79
a 68 46 809
a 68 47 565
a 68 51 123
a 68 53 243
a 68 57 687
a 68 58 18
a 68 59 919
a 68 60 53
a 68 61 327
a 68 62 25
a 68 64 829
a 68 65 122
a 68 66 147
a 68 67 328
a 68 70 909
a 68 71 396
a 68 77 748
a 68 78 23
a 68 84 521
a 68 88 592
a 68 89 74
a 68 90 907
a 68 91 797
a 68 94 307
a 68 95 597
a 68 96 560
a 68 97 853
a 68 98 27
a 68 100 984
a 69 4 315
a 69 5 756
a 69 6 548
a 69 8 345
a 69 10 709
a 69 11 935
a 69 12 583
a 69 13 628
a 69 17 116
a 69 20 957
a 69 23 398
a 69 24 372
a 69 29 22
a 69 30 93
a 69 31 816
a 69 33 555
a 69 34 350
a 69 36 246
a 69 39 142
a 69 41 606
a 69 43 114
a 69 44 630
a 69 48 923
a 69 49 133
a 69 50 709
a 69 55 923
a 69 56 81
a 69 58 160
a 69 59 5
a 69 63 682
a 69 66 776
a 69 70 168
a 69 72 559
a 69 74 310
a 69 75 679
a 69 76 111
a 69 77 461
a 69 78 857
a 69 79 865
a 69 80 416
a 69 81 158
a 69 84 708
a 69 85 134
a 69 87 615
a 69 88 845
a 69 90 494
a 69 92 87
a 69 95 576
a 69 96 201
a 69 97 739
a 69 98 194
a 69 100 904
a 70 1 605
a 70 3 648
a 70 4 206
a 70 7 744
a 70 8 132
a 70 11 827
a 70 15 706
a 70 17 690
a 70 18 685
a 70 20 47
a 70 21 191
a 70 22 510
a 70 24 268
a 70 26 343
a 70 28 727
a 70 29 388
a 70 30 180
a 70 32 524
a 70 33 709
a 70 35 561
a 70 37 291
a 70 39 920
a 70 41 129
a 70 44 519
a 70 45 276
a 70 48 124
a 70 49 253
a 70 51 503
a 70 52 161
a 70 55 440
a 70 59 178
a 70 60 982
a 70 61 557
a 70 62 235
a 70 65 595
a 70 66 890
a 70 67 792
a 70 69 30
a 70 71 27
a 70 72 475
a 70 73 198
a 70 75 462
a 70 78 486
a 70 79 38
a 70 80 683
a 70 81 284
a 70 82 63
a 70 84 590
a 70 85 406
a 70 90 38
a 70 91 345
a 70 93 368
a 70 94 942
a 70 96 779
a 70 98 262
a 71 1 679
a 71 5 696
a 71 7 842
a 71 13 531
a 71 15 515
a 71 16 449
a 71 18 833
a 71 19 348
a 71 20 346
a 71 22 446
a 71 23 846
a 71 27 498
a 71 33 38
a 71 34 212
a 71 35 727
a 71 36 672
a 71 37 910
a 71 38 832
a 71 39 116
a 71 40 159
a 71 41 264
a 71 42 914
a 71 44 600
a 71 45 272
a 71 47 966
a 71 48 655
a 71 50 49
a 71 51 861
a 71 53 125
a 71 54 93
a 71 55 221
a 71 58 780
a 71 60 506
a 71 61 685
a 71 67 206
a 71 70 309
a 71 79 854
a 71 81 456
a 71 82 772
a 71 85 807
a 71 86 923
a 71 87 103
a 71 90 639
a 71 91 934
a 71 92 723
a 71 95 513
a 71 99 433
a 71 100 774
a 72 1 803
a 72 3 398
a 72 4 799
a 72 7 861
a 72 8 671
a 72 9 249
a 72 10 157
a 72 11 368
a 72 15 59
a 72 16 983
a 72 20 618
a 72 21 939
a 72 22 350
a 72 25 683
a 72 26 778
a 72 29 32
a 72 31 858
a 72 33 954
a 72 35 910
a 72 37 738
a 72 38 902
a 72 40 682
a 72 41 347
a 72 42 141
a 72 44 960
a 72 46 872
a 72 48 384
a 72 50 895
a 72 51 426
a 72 53 495
a 72 54 788
a 72 55 816
a 72 61 504
a 72 64 493
a 72 65 614
a 72 66 440
a 72 67 602
a 72 69 225
a 72 73 363
a 72 74 361
a 72 76 228
a 72 79 246
a 72 80 690
a 72 86 478
a 72 89 242
a 72 92 459
a 72 95 371
a 72 96 829
a 72 97 14
a 72 100 500
a 73 2 662
a 73 3 41
a 73 5 506
a 73 9 468
a 73 11 478
a 73 12 883
a 73 13 634
a 73 14 836
a 73 16 154
a 73 18 633
a 73 21 249
a 73 23 75
a 73 25 130
a 73 26 659
a 73 28 709
a 73 30 205
a 73 31 54
a 73 36 142
a 73 38 930
a 73 41 871
a 73 42 739
a 73 43 527
a 73 45 655
a 73 46 499
a 73 47 451
a 73 49 986
a 73 50 971
a 73 56 374
a 73 63 112
a 73 64 639
a 73 66 94
a 73 68 31
a 73 69 477
a 73 70 374
a 73 74 67
a 73 75 182
a 73 76 843
a 73 78 525
a 73 79 900
a 73 81 893
a 73 82 18
a 73 84 816
a 73 85 351
a 73 91 682
a 73 93 241
a 73 95 541
a 73 96 599
a 73 97 512
a 73 98 924
a 73 100 279
a 74 1 692
a 74 3 389
a 74 6 291
a 74 7 118
a 74 10 453
a 74 12 733
a 74 13 769
a 74 14 69
a 74 15 824
a 74 16 62
a 74 17 898
a 74 18 651
a 74 20 261
a 74 23 915
a 74 25 448
a 74 28 295
a 74 29 561
a 74 30 388
a 74 31 895
a 74 32 155
a 74 33 482
a 74 35 898
a 74 37 620
a 74 38 692
a 74 39 817
a 74 41 19
a 74 42 624
a 74 43 564
a 74 45 202
a 74 46 113
a 74 49 829
a 74 50 476
a 74 52 607
a 74 54 757
a 74 55 472
a 74 56 154
a 74 58 577
a 74 59 584
a 74 62 319
a 74 63 367
a 74 65 2
a 74 66 719
a 74 69 814
a 74 75 349
a 74 76 723
a 74 77 613
a 74 78 614
a 74 79 656
a 74 80 551
a 74 81 642
a 74 86 974
a 74 89 46
a 74 90 683
a 74 92 564
a 74 95 803
a 74 96 903
a 74 97 256
a 74 98 944
a 74 99 197
a 74 100 396
a 75 2 331
a 75 3 80
a 75 9 404
a 75 10 171
a 75 11 81
a 75 12 333
a 75 13 607
a 75 14 574
a 75 15 228
a 75 17 573
a 75 18 986
a 75 20 447
a 75 23 520
a 75 24 979
a 75 26 689
a 75 29 622
a 75 32 826
a 75 37 774
a 75 43 394
a 75 45 749
a 75 48 90
a 75 49 669
a 75 51 717
a 75 52 131
a 75 53 362
a 75 54 481
a 75 55 228
a 75 56 817
a 75 59 146
a 75 60 899
a 75 63 110
a 75 64 219
a 75 66 966
a 75 68 524
a 75 69 790
a 75 71 453
a 75 74 229
a 75 79 537
a 75 80 305
a 75 81 147
a 75 82 350
a 75 84 739
a 75 85 824
a 75 87 35
a 75 88 22
a 75 89 934
a 75 90 840
a 75 91 940
a 75 92 875
a 75 93 984
a 75 94 780
a 75 97 785
a 75 100 431
a 76 2 1
a 76 3 691
a 76 6 733
a 76 7 548
a 76 8 499
a 76 10 48
a 76 11 256
a 76 12 44
a 76 15 726
a 76 19 311
a 76 22 637
a 76 23 901
a 76 25 790
a 76 26 233
a 76 33 554
a 76 36 139
a 76 37 443
a 76 38 219
a 76 40 509
a 76 41 926
a 76 43 579
a 76 44 717
a 76 46 135
a 76 50 432
a 76 53 964
a 76 55 636
a 76 56 984
a 76 57 109
a 76 59 950
a 76 61 232
a 76 63 456
a 76 64 995
a 76 65 348
a 76 66 628
a 76 69 73
a 76 71 325
a 76 74 104
a 76 81 805
a 76 82 460
a 76 83 33
a 76 84 278
a 76 86 768
a 76 87 504
a 76 91 855
a 76 92 162
a 76 94 674
a 76 96 235
a 76 97 873
a 76 100 632
a 77 2 434
a 77 3 332
a 77 4 512
a 77 6 431
a 77 8 789
a 77 9 226
a 77 12 155
a 77 13 375
a 77 14 349
a 77 15 909
a 77 16 968
a 77 18 250
a 77 22 493
a 77 24 224
a 77 25 813
a 77 26 211
a 77 30 132
a 77 31 887
a 77 35 153
a 77 36 479
a 77 37 756
a 77 39 503
a 77 40 401
a 77 41 973
a 77 45 134
a 77 46 999
a 77 47 704
a 77 50 203
a 77 54 118
a 77 60 283
a 77 63 97
a 77 64 749
a 77 65 91
a 77 66 329
a 77 68 774
a 77 70 169
a 77 75 7
a 77 78 974
a 77 81 983
a 77 82 30
a 77 85 325
a 77 86 212
a 77 87 780
a 77 91 569
a 77 93 748
a 77 94 383
a 77 95 863
a 77 96 445
a 77 97 411
a 77 99 579
a 77 100 672
a 78 2 234
a 78 5 734
a 78 7 674
a 78 11 100
a 78 12 684
a 78 13 96
a 78 14 178
a 78 15 488
a 78 18 58
a 78 21 70
a 78 23 220
a 78 25 369
a 78 26 444
a 78 27 536
a 78 28 639
a 78 29 433
a 78 34 970
a 78 35 527
a 78 37 923
a 78 38 98
a 78 39 207
a 78 42 101
a 78 43 318
a 78 44 958
a 78 45 235
a 78 47 840
a 78 48 141
a 78 49 5
a 78 52 56
a 78 53 37
a 78 54 578
a 78 56 631
a 78 57 265
a 78 59 59
a 78 61 294
a 78 63 319
a 78 64 484
a 78 68 917
a 78 69 487
a 78 70 797
a 78 73 657
a 78 76 172
a 78 77 461
a 78 87 843
a 78 88 583
a 78 89 567
a 78 91 519
a 78 93 841
a 78 96 934
a 78 97 778
a 78 99 650
a 79 1 207
a 79 2 376
a 79 4 179
a 79 11 551
a 79 13 355
a 79 15 795
a 79 18 794
a 79 19 189
a 79 21 25
a 79 22 791
a 79 23 763
a 79 25 315
a 79 26 367
a 79 28 614
a 79 29 973
a 79 30 258
a 79 31 931
a 79 32 233
a 79 36 676
a 79 38 886
a 79 39 834
a 79 40 486
a 79 47 116
a 79 50 16
a 79 53 11
a 79 54 751
a 79 55 190
a 79 56 263
a 79 60 257
a 79 62 25
a 79 63 756
a 79 64 144
a 79 65 573
a 79 67 330
a 79 69 439
a 79 72 4
a 79 73 535
a 79 74 765
a 79 75 165
a 79 78 660
a 79 80 231
a 79 81 494
a 79 84 303
a 79 91 830
a 79 94 293
a 79 96 338
a 79 98 369
a 79 99 260
a 80 4 303
a 80 5 68
a 80 8 306
a 80 12 93
a 80 13 197
a 80 14 413
a 80 15 945
a 80 16 126
a 80 17 87
a 80 19 486
a 80 21 862
a 80 22 605
a 80 23 834
a 80 24 460
a 80 25 735
a 80 26 860
a 80 30 272
a 80 32 122
a 80 33 384
a 80 36 482
a 80 37 104
a 80 41 302
a 80 43 305
a 80 45 403
a 80 48 838
a 80 49 58
a 80 50 497
a 80 51 565
a 80 52 553
a 80 54 178
a 80 55 994
a 80 56 724
a 80 57 481
a 80 58 540
a 80 60 890
a 80 61 642
a 80 62 735
a 80 63 456
a 80 70 61
a 80 71 688
a 80 72 463
a 80 74 878
a 80 77 23
a 80 81 461
a 80 87 933
a 80 90 829
a 80 95 808
a 80 97 990
a 80 100 154
a 81 4 200
a 81 5 706
a 81 6 167
a 81 8 954
a 81 9 746
a 81 10 478
a 81 15 119
a 81 17 695
a 81 19 972
a 81 21 909
a 81 23 813
a 81 24 217
a 81 27 645
a 81 29 367
a 81 31 792
a 81 34 100
a 81 36 839
a 81 40 897
a 81 41 370
a 81 42 788
a 81 43 245
a 81 45 208
a 81 47 352
a 81 48 222
a 81 49 305
a 81 51 133
a 81 52 267
a 81 53 84
a 81 55 184
a 81 56 51
a 81 57 959
a 81 61 129
a 81 64 115
a 81 65 866
a 81 70 408
a 81 72 663
a 81 75 695
a 81 80 207
a 81 82 611
a 81 84 822
a 81 87 464
a 81 88 499
a 81 90 206
a 81 91 598
a 81 94 941
a 81 97 64
a 81 99 740
a 81 100 144
a 82 1 814
a 82 4 841
a 82 5 298
a 82 6 776
a 82 7 543
a 82 8 150
a 82 9 352
a 82 11 76
a 82 13 877
a 82 16 990
a 82 17 821
a 82 18 355
a 82 19 970
a 82 20 589
a 82 22 120
a 82 24 736
a 82 30 962
a 82 33 50
a 82 34 701
a 82 36 213
a 82 38 695
a 82 41 704
a 82 44 478
a 82 45 881
a 82 46 788
a 82 48 744
a 82 49 189
a 82 51 572
a 82 53 144
a 82 55 829
a 82 58 519
a 82 60 66
a 82 61 607
a 82 65 441
a 82 66 356
a 82 67 488
a 82 70 35
a 82 72 807
a 82 73 825
a 82 74 612
a 82 77 925
a 82 78 62
a 82 79 655
a 82 80 935
a 82 83 177
a 82 87 670
a 82 89 153
a 82 90 342
a 82 92 865
a 82 94 514
a 82 95 961
a 82 100 682
a 83 2 146
a 83 5 62
a 83 8 271
a 83 10 176
a 83 11 473
a 83 16 993
a 83 18 727
a 83 20 782
a 83 22 808
a 83 23 715
a 83 24 770
a 83 28 712
a 83 29 861
a 83 36 333
a 83 37 166
a 83 40 676
a 83 43 798
a 83 44 667
a 83 45 128
a 83 46 573
a 83 47 591
a 83 48 305
a 83 49 202
a 83 51 192
a 83 52 811
a 83 54 931
a 83 55 451
a 83 57 688
a 83 58 135
a 83 60 464
a 83 64 267
a 83 65 957
a 83 67 509
a 83 68 66
a 83 71 204
a 83 73 235
a 83 77 205
a 83 79 43
a 83 84 123
a 83 85 425
a 83 86 873
a 83 89 487
a 83 90 971
a 83 92 189
a 83 95 558
a 83 96 396
a 84 1 848
a 84 2 911
a 84 4 661
a 84 7 317
a 84 9 636
a 84 11 657
a 84 14 144
a 84 15 971
a 84 16 425
a 84 17 627
a 84 18 288
a 84 19 258
a 84 20 31
a 84 22 249
a 84 26 796
a 84 31 639
a 84 33 39
a 84 34 672
a 84 35 62
a 84 39 411
a 84 44 470
a 84 46 229
a 84 49 330
a 84 50 203
a 84 55 12
a 84 56 106
a 84 59 176
a 84 66 948
a 84 69 448
a 84 70 238
a 84 73 772
a 84 75 604
a 84 77 372
a 84 78 361
a 84 80 340
a 84 83 0
a 84 85 508
a 84 86 949
a 84 90 129
a 84 93 56
a 84 94 735
a 84 97 7
a 84 98 865
a 84 100 5
a 85 4 728
a 85 5 413
a 85 6 120
a 85 7 134
a 85 8 723
a 85 9 990
a 85 12 391
a 85 13 880
a 85 15 845
a 85 16 295
a 85 17 27
a 85 18 962
a 85 20 329
a 85 21 310
a 85 23 941
a 85 25 558
a 85 27 325
a 85 32 889
a 85 33 447
a 85 35 438
a 85 39 840
a 85 45 849
a 85 47 734
a 85 49 281
a 85 53 47
a 85 54 834
a 85 55 582
a 85 61 881
a 85 62 526
a 85 63 889
a 85 67 430
a 85 68 687
a 85 69 467
a 85 70 251
a 85 75 904
a 85 76 180
a 85 77 900
a 85 79 921
a 85 87 236
a 85 89 8
a 85 90 36
a 85 92 823
a 85 93 16
a 85 94 547
a 85 95 827
a 85 96 734
a 85 97 889
a 85 99 807
a 85 100 714
a 86 2 589
a 86 3 664
a 86 6 709
a 86 10 864
a 86 11 505
a 86 12 869
a 86 13 295
a 86 14 262
a 86 15 512
a 86 21 768
a 86 22 775
a 86 24 238
a 86 28 265
a 86 29 471
a 86 30 691
a 86 32 742
a 86 33 817
a 86 36 70
a 86 38 726
a 86 39 241
a 86 40 238
a 86 42 946
a 86 44 463
a 86 47 397
a 86 50 429
a 86 53 684
a 86 58 128
a 86 59 173
a 86 60 589
a 86 61 931
a 86 64 527
a 86 66 757
a 86 67 511
a 86 68 552
a 86 69 56
a 86 70 974
a 86 71 597
a 86 72 122
a 86 77 538
a 86 80 418
a 86 81 850
a 86 85 653
a 86 88 395
a 86 90 222
a 86 91 101
a 86 92 747
a 86 97 753
a 86 98 702
a 86 100 846
a 87 1 595
a 87 2 246
a 87 4 245
a 87 6 321
a 87 7 393
a 87 8 744
a 87 10 579
a 87 11 635
a 87 13 661
a 87 15 372
a 87 17 460
a 87 18 971
a 87 20 841
a 87 21 449
a 87 25 778
a 87 26 889
a 87 28 865
a 87 30 564
a 87 31 131
a 87 34 439
a 87 37 799
a 87 38 429
a 87 40 263
a 87 41 372
a 87 42 950
a 87 46 309
a 87 49 560
a 87 50 486
a 87 53 545
a 87 54 728
a 87 57 549
a 87 58 456
a 87 59 699
a 87 62 55
a 87 64 74
a 87 65 572
a 87 70 942
a 87 71 240
a 87 73 69
a 87 74 121
a 87 75 250
a 87 81 573
a 87 82 268
a 87 85 234
a 87 88 831
a 87 92 94
a 87 93 849
a 87 96 317
a 87 97 57
a 87 99 155
a 88 1 643
a 88 2 469
a 88 4 900
a 88 9 874
a 88 10 739
a 88 12 784
a 88 14 321
a 88 15 111
a 88 19 852
a 88 24 367
a 88 25 43
a 88 26 789
a 88 27 368
a 88 28 221
a 88 30 841
a 88 32 736
a 88 33 704
a 88 34 291
a 88 35 709
a 88 37 630
a 88 38 307
a 88 39 833
a 88 40 763
a 88 41 362
a 88 43 404
a 88 47 797
a 88 49 736
a 88 50 869
a 88 51 536
a 88 52 756
a 88 55 813
a 88 56 289
a 88 58 332
a 88 60 886
a 88 64 166
a 88 65 244
a 88 66 433
a 88 70 679
a 88 71 705
a 88 72 552
a 88 73 687
a 88 74 131
a 88 75 305
a 88 76 395
a 88 80 457
a 88 81 531
a 88 84 574
a 88 86 526
a 88 89 330
a 88 91 75
a 88 93 965
a 88 94 153
a 88 96 457
a 88 99 835
a 88 100 750
a 89 3 463
a 89 5 424
a 89 10 229
a 89 12 599
a 89 13 30
a 89 15 126
a 89 16 497
a 89 18 248
a 89 19 406
a 89 20 764
a 89 21 675
a 89 24 758
a 89 25 927
a 89 26 115
a 89 29 344
a 89 32 171
a 89 34 355
a 89 36 268
a 89 37 896
a 89 40 863
a 89 41 635
a 89 44 691
a 89 48 930
a 89 53 628
a 89 54 653
a 89 59 968
a 89 62 195
a 89 63 221
a 89 65 115
a 89 66 105
a 89 68 163
a 89 69 878
a 89 74 477
a 89 76 615
a 89 80 593
a 89 81 561
a 89 82 446
a 89 84 828
a 89 88 368
a 89 91 363
a 89 92 417
a 89 96 476
a 89 98 727
a 90 2 968
a 90 3 99
a 90 6 910
a 90 9 113
a 90 13 538
a 90 14 400
a 90 16 649
a 90 17 839
a 90 20 39
a 90 21 370
a 90 23 573
a 90 24 731
a 90 26 913
a 90 28 306
a 90 29 55
a 90 30 486
a 90 31 53
a 90 33 891
a 90 35 370
a 90 38 760
a 90 40 915
a 90 43 613
a 90 44 99
a 90 46 262
a 90 47 22
a 90 49 89
a 90 52 787
a 90 56 24
a 90 58 75
a 90 61 790
a 90 63 119
a 90 67 697
a 90 69 204
a 90 72 33
a 90 73 350
a 90 77 223
a 90 78 732
a 90 81 548
a 90 83 612
a 90 84 45
a 90 85 939
a 90 86 248
a 90 88 690
a 90 91 54
a 90 93 816
a 90 96 518
a 90 98 612
a 90 99 580
a 91 4 251
a 91 7 67
a 91 8 966
a 91 10 819
a 91 12 529
a 91 20 946
a 91 21 997
a 91 23 45
a 91 24 907
a 91 25 482
a 91 29 151
a 91 31 171
a 91 32 63
a 91 35 153
a 91 38 854
a 91 40 34
a 91 41 926
a 91 42 86
a 91 46 576
a 91 48 203
a 91 50 26
a 91 53 542
a 91 54 314
a 91 56 809
a 91 61 531
a 91 64 407
a 91 68 245
a 91 69 243
a 91 70 122
a 91 71 576
a 91 73 33
a 91 75 852
a 91 76 540
a 91 77 273
a 91 78 776
a 91 81 61
a 91 82 361
a 91 83 557
a 91 84 558
a 91 85 201
a 91 86 852
a 91 87 649
a 91 89 505
a 91 90 559
a 91 94 252
a 91 95 990
a 91 99 184
a 91 100 523
a 92 1 405
a 92 5 582
a 92 7 834
a 92 8 48
a 92 9 68
a 92 10 391
a 92 11 954
a 92 13 68
a 92 14 731
a 92 15 298
a 92 22 647
a 92 26 694
a 92 27 851
a 92 28 837
a 92 31 721
a 92 32 979
a 92 34 707
a 92 36 90
a 92 37 146
a 92 38 16
a 92 39 632
a 92 41 91
a 92 43 811
a 92 47 431
a 92 48 645
a 92 49 994
a 92 50 615
a 92 51 258
a 92 53 470
a 92 54 260
a 92 55 156
a 92 58 520
a 92 59 221
a 92 60 120
a 92 62 144
a 92 63 890
a 92 64 733
a 92 65 818
a 92 68 711
a 92 70 874
a 92 72 313
a 92 75 83
a 92 79 948
a 92 81 344
a 92 82 721
a 92 83 725
a 92 85 688
a 92 86 129
a 92 88 541
a 92 89 174
a 92 93 396
a 92 95 548
a 92 96 627
a 92 100 686
a 93 4 240
a 93 9 31
a 93 11 97
a 93 13 254
a 93 14 150
a 93 17 962
a 93 19 528
a 93 20 311
a 93 21 357
a 93 22 849
a 93 23 238
a 93 24 561
a 93 25 180
a 93 26 635
a 93 28 34
a 93 31 539
a 93 34 51
a 93 35 798
a 93 36 93
a 93 37 108
a 93 38 666
a 93 41 514
a 93 42 549
a 93 44 824
a 93 47 885
a 93 48 808
a 93 49 692
a 93 54 237
a 93 55 961
a 93 56 905
a 93 58 761
a 93 60 948
a 93 61 483
a 93 62 717
a 93 63 587
a 93 66 140
a 93 73 203
a 93 76 448
a 93 83 644
a 93 84 142
a 93 91 424
a 93 92 64
a 93 94 961
a 93 98 583
a 93 99 699
a 93 100 593
a 94 1 173
a 94 4 341
a 94 5 252
a 94 7 402
a 94 8 259
a 94 9 403
a 94 11 992
a 94 12 156
a 94 13 336
a 94 15 471
a 94 17 230
a 94 19 412
a 94 21 548
a 94 23 563
a 94 24 605
a 94 25 522
a 94 26 388
a 94 27 438
a 94 32 636
a 94 34 238
a 94 35 715
a 94 36 549
a 94 37 973
a 94 40 19
a 94 43 518
a 94 44 154
a 94 45 810
a 94 47 504
a 94 48 612
a 94 49 691
a 94 52 431
a 94 53 974
a 94 54 270
a 94 56 835
a 94 57 402
a 94 58 350
a 94 65 929
a 94 66 728
a 94 67 681
a 94 70 209
a 94 74 277
a 94 75 264
a 94 76 158
a 94 78 872
a 94 79 664
a 94 80 298
a 94 81 995
a 94 83 750
a 94 86 556
a 94 87 669
a 94 88 87
a 94 91 39
a 94 96 572
a 94 99 749
a 94 100 697
a 95 1 691
a 95 2 166
a 95 4 351
a 95 5 783
a 95 6 633
a 95 11 378
a 95 15 160
a 95 18 656
a 95 19 967
a 95 23 394
a 95 25 687
a 95 26 258
a 95 27 150
a 95 28 489
a 95 29 300
a 95 31 141
a 95 32 399
a 95 33 964
a 95 34 197
a 95 35 148
a 95 37 81
a 95 38 154
a 95 39 882
a 95 40 591
a 95 41 384
a 95 43 755
a 95 46 123
a 95 48 528
a 95 50 447
a 95 52 353
a 95 53 6
a 95 55 351
a 95 57 521
a 95 58 607
a 95 59 227
a 95 62 497
a 95 66 146
a 95 67 247
a 95 68 421
a 95 69 832
a 95 70 669
a 95 71 559
a 95 76 963
a 95 77 495
a 95 78 604
a 95 79 389
a 95 80 149
a 95 82 536
a 95 84 790
a 95 88 734
a 95 91 8
a 95 92 81
a 95 93 160
a 95 96 185
a 95 100 554
a 96 1 925
a 96 7 425
a 96 8 173
a 96 15 833
a 96 18 392
a 96 21 761
a 96 26 702
a 96 27 90
a 96 28 38
a 96 30 5
a 96 31 686
a 96 33 975
a 96 36 749
a 96 38 95
a 96 39 857
a 96 40 275
a 96 41 55
a 96 44 435
a 96 45 330
a 96 47 518
a 96 48 475
a 96 49 869
a 96 50 965
a 96 54 211
a 96 55 750
a 96 56 481
a 96 57 492
a 96 60 427
a 96 64 85
a 96 67 830
a 96 68 861
a 96 70 819
a 96 72 352
a 96 73 562
a 96 74 715
a 96 75 907
a 96 76 801
a 96 77 278
a 96 78 338
a 96 81 780
a 96 82 892
a 96 84 598
a 96 86 982
a 96 88 742
a 96 93 926
a 96 95 194
a 96 98 160
a 96 100 141
a 97 1 635
a 97 3 956
a 97 4 728
a 97 6 663
a 97 7 40
a 97 8 412
a 97 10 939
a 97 13 404
a 97 14 594
a 97 15 55
a 97 18 476
a 97 22 469
a 97 24 773
a 97 25 693
a 97 26 514
a 97 27 92
a 97 31 987
a 97 32 355
a 97 33 480
a 97 39 20
a 97 40 850
a 97 46 927
a 97 48 408
a 97 51 853
a 97 52 793
a 97 59 909
a 97 60 593
a 97 62 287
a 97 63 981
a 97 64 227
a 97 65 350
a 97 66 119
a 97 67 315
a 97 68 190
a 97 69 274
a 97 70 957
a 97 71 422
a 97 74 419
a 97 75 514
a 97 77 893
a 97 79 37
a 97 80 353
a 97 81 424
a 97 82 773
a 97 83 499
a 97 84 720
a 97 86 115
a 97 92 811
a 97 94 792
a 97 96 196
a 97 98 45
a 97 99 581
a 97 100 32
a 98 2 702
a 98 3 272
a 98 4 560
a 98 5 471
a 98 7 327
a 98 9 567
a 98 13 540
a 98 14 816
a 98 15 753
a 98 16 97
a 98 19 94
a 98 21 51
a 98 23 870
a 98 24 785
a 98 25 861
a 98 26 46
a 98 28 889
a 98 31 961
a 98 32 182
a 98 33 691
a 98 35 173
a 98 36 395
a 98 39 84
a 98 40 946
a 98 44 219
a 98 45 313
a 98 50 104
a 98 53 36
a 98 56 208
a 98 58 630
a 98 61 540
a 98 62 163
a 98 63 9
a 98 64 919
a 98 65 657
a 98 67 768
a 98 68 971
a 98 69 634
a 98 70 674
a 98 72 603
a 98 73 740
a 98 74 904
a 98 76 440
a 98 77 479
a 98 81 310
a 98 82 295
a 98 83 744
a 98 87 185
a 98 89 732
a 98 94 523
a 98 97 238
a 98 99 200
a 98 100 378
a 99 1 469
a 99 4 81
a 99 5 351
a 99 6 927
a 99 7 625
a 99 15 40
a 99 16 51
a 99 19 707
a 99 23 917
a 99 33 397
a 99 35 234
a 99 36 830
a 99 39 6
a 99 42 798
a 99 43 151
a 99 44 409
a 99 48 406
a 99 49 863
a 99 52 495
a 99 54 243
a 99 55 485
a 99 59 511
a 99 60 575
a 99 63 840
a 99 64 682
a 99 65 42
a 99 66 140
a 99 67 885
a 99 68 817
a 99 69 495
a 99 70 674
a 99 74 200
a 99 75 554
a 99 76 414
a 99 78 74
a 99 80 500
a 99 84 502
a 99 85 778
a 99 86 789
a 99 89 717
a 99 92 656
a 99 93 97
a 99 97 661
a 100 3 849
a 100 5 552
a 100 6 719
a 100 8 211
a 100 9 75
a 100 10 897
a 100 12 510
a 100 13 571
a 100 14 932
a 100 16 741
a 100 17 585
a 100 19 357
a 100 20 84
a 100 21 580
a 100 24 40
a 100 26 20
a 100 28 782
a 100 30 615
a 100 31 174
a 100 32 774
a 100 33 680
a 100 34 900
a 100 36 629
a 100 37 812
a 100 39 994
a 100 41 915
a 100 43 563
a 100 45 511
a 100 46 113
a 100 48 10
a 100 50 878
a 100 52 487
a 100 53 466
a 100 54 442
a 100 55 996
a 100 57 831
a 100 58 152
a 100 59 544
a 100 61 525
a 100 65 768
a 100 66 323
a 100 67 877
a 100 68 433
a 100 69 227
a 100 76 271
a 100 77 796
a 100 79 316
a 100 81 768
a 100 82 152
a 100 87 400
a 100 88 161
a 100 90 214
a 100 91 476
a 100 94 587
a 100 95 121
a 100 96 388
